1765957061715 0.9466292134831461 0 dataset 054502d5
1765957061715 0.9466292134831461 0 dataset 054502d5
1765957061715 0.9466292134831461 0 dataset 054502d5
1765957061715 0.9466292134831461 0 dataset 054502d5
1765957073762 0.8904494382022472 0 dataset 054502d5
1765957061715 0.9466292134831461 0 dataset 054502d5
1765957061715 0.9466292134831461 0 dataset 054502d5
1765957061715 0.9466292134831461 0 dataset 054502d5
1765957061715 0.9466292134831461 0 dataset 054502d5
1765957073762 0.8904494382022472 0 dataset 054502d5
