1765957061715 0.17660937861549286 0 dataset 054502d5
1765957061715 0.17660937861549286 0 dataset 054502d5
1765957061715 0.17660937861549286 0 dataset 054502d5
1765957061715 0.17660937861549286 0 dataset 054502d5
1765957073762 0.2819697614980074 0 dataset 054502d5
1765957061715 0.17660937861549286 0 dataset 054502d5
1765957061715 0.17660937861549286 0 dataset 054502d5
1765957061715 0.17660937861549286 0 dataset 054502d5
1765957061715 0.17660937861549286 0 dataset 054502d5
1765957073762 0.2819697614980074 0 dataset 054502d5
