1765957062350 0.9466292134831461 0 dataset 054502d5
1765957062350 0.9466292134831461 0 dataset 054502d5
1765957062350 0.9466292134831461 0 dataset 054502d5
1765957062350 0.9466292134831461 0 dataset 054502d5
1765957074341 0.8904494382022472 0 dataset 054502d5
1765957062350 0.9466292134831461 0 dataset 054502d5
1765957062350 0.9466292134831461 0 dataset 054502d5
1765957062350 0.9466292134831461 0 dataset 054502d5
1765957062350 0.9466292134831461 0 dataset 054502d5
1765957074341 0.8904494382022472 0 dataset 054502d5
