1765957061715 0.9819651741293532 0 dataset 054502d5
1765957061715 0.9819651741293532 0 dataset 054502d5
1765957061715 0.9819651741293532 0 dataset 054502d5
1765957061715 0.9819651741293532 0 dataset 054502d5
1765957073762 0.9534254403657388 0 dataset 054502d5
1765957061715 0.9819651741293532 0 dataset 054502d5
1765957061715 0.9819651741293532 0 dataset 054502d5
1765957061715 0.9819651741293532 0 dataset 054502d5
1765957061715 0.9819651741293532 0 dataset 054502d5
1765957073762 0.9534254403657388 0 dataset 054502d5
