1765957061715 0.9471501532175689 0 dataset 054502d5
1765957061715 0.9471501532175689 0 dataset 054502d5
1765957061715 0.9471501532175689 0 dataset 054502d5
1765957061715 0.9471501532175689 0 dataset 054502d5
1765957073762 0.8918769372336303 0 dataset 054502d5
1765957061715 0.9471501532175689 0 dataset 054502d5
1765957061715 0.9471501532175689 0 dataset 054502d5
1765957061715 0.9471501532175689 0 dataset 054502d5
1765957061715 0.9471501532175689 0 dataset 054502d5
1765957073762 0.8918769372336303 0 dataset 054502d5
