1765957061715 0.9462320952015126 0 dataset 054502d5
1765957061715 0.9462320952015126 0 dataset 054502d5
1765957061715 0.9462320952015126 0 dataset 054502d5
1765957061715 0.9462320952015126 0 dataset 054502d5
1765957073762 0.888639719830731 0 dataset 054502d5
1765957061715 0.9462320952015126 0 dataset 054502d5
1765957061715 0.9462320952015126 0 dataset 054502d5
1765957061715 0.9462320952015126 0 dataset 054502d5
1765957061715 0.9462320952015126 0 dataset 054502d5
1765957073762 0.888639719830731 0 dataset 054502d5
